0,544
0,543
23,36
25,15
0,542
0,541
0,540
25,14
25,13
25,12
25,11
25,10
23,35
14,20
92,11
92,10
92,9
92,8
92,7
92,6
92,5
92,4
92,3
92,2
92,1
92,0
91,4
91,3
91,2
91,1
91,0
90,3
90,2
90,1
90,0
89,3
89,2
89,1
89,0
88,7
88,6
88,5
88,4
88,3
88,2
88,1
88,0
87,5
87,4
87,3
87,2
87,1
87,0
86,4
86,3
86,2
86,1
86,0
85,3
85,2
85,1
85,0
84,9
84,8
84,7
84,6
84,5
84,4
84,3
84,2
84,1
84,0
83,3
83,2
83,1
83,0
82,4
82,3
82,2
82,1
82,0
81,4
81,3
81,2
81,1
81,0
80,4
80,3
80,2
80,1
80,0
79,9
79,8
79,7
79,6
79,5
79,4
79,3
79,2
79,1
79,0
78,5
78,4
78,3
78,2
78,1
78,0
77,11
77,10
77,9
77,8
77,7
77,6
77,5
77,4
77,3
77,2
77,1
77,0
76,4
76,3
76,2
76,1
76,0
14,19
75,5
75,4
75,3
75,2
75,1
75,0
74,10
74,9
74,8
74,7
74,6
74,5
74,4
74,3
74,2
74,1
74,0
14,18
73,3
73,2
73,1
73,0
72,3
72,2
72,1
72,0
71,3
71,2
71,1
71,0
14,17
70,11
70,10
70,9
70,8
70,7
70,6
70,5
70,4
70,3
70,2
70,1
70,0
69,10
69,9
69,8
69,7
69,6
69,5
69,4
69,3
69,2
69,1
69,0
14,16
68,6
68,5
68,4
68,3
68,2
68,1
68,0
67,5
0,463
67,4
67,3
67,2
67,1
67,0
66,8
66,7
66,6
66,5
66,4
66,3
66,2
0,462
0,461
66,1
66,0
0,460
0,459
65,3
65,2
0,458
65,1
65,0
0,457
64,4
64,3
64,2
0,456
64,1
64,0
63,5
63,4
63,3
63,2
63,1
63,0
14,15
14,14
62,15
62,14
62,13
62,12
62,11
62,10
62,9
62,8
62,7
62,6
62,5
62,4
62,3
62,2
62,1
62,0
0,455
61,6
61,5
61,4
61,3
61,2
61,1
61,0
0,454
0,453
0,452
0,451
60,3
60,2
